{
  "dimensions": [
    "logical_reasoning",
    "pattern_recognition",
    "analytical_depth",
    "knowledge_integration",
    "contextual_understanding",
    "abstraction_capability",
    "temporal_reasoning",
    "spatial_reasoning",
    "causal_inference",
    "memory_utilization",
    "attention_focus",
    "cognitive_flexibility",
    "metacognition",
    "problem_decomposition",
    "hypothesis_generation",
    "evidence_evaluation",
    "creative_synthesis",
    "artistic_expression",
    "innovation_index",
    "narrative_construction",
    "metaphorical_thinking",
    "imaginative_depth",
    "stylistic_versatility",
    "conceptual_blending",
    "divergent_thinking",
    "aesthetic_sensitivity",
    "humor_generation",
    "emotional_resonance",
    "originality_score",
    "creative_flexibility",
    "symbolic_representation",
    "creative_coherence",
    "cultural_awareness",
    "empathy_modeling",
    "social_appropriateness",
    "communication_clarity",
    "collaborative_ability",
    "ethical_reasoning",
    "perspective_taking",
    "conflict_resolution",
    "emotional_intelligence",
    "social_prediction",
    "trust_building",
    "fairness_assessment",
    "diversity_handling",
    "social_impact_awareness",
    "interpersonal_sensitivity"
  ],
  "matrix": [
    [
      1.0,
      0.33916290624243556,
      0.38458052886890093,
      0.5204525492965519,
      0.50202835543278,
      0.5862132998732419,
      0.4494731588790284,
      0.5294448939749452,
      0.3976186656943271,
      0.5483564258906497,
      0.44144511348415505,
      0.5117214492716581,
      0.44245514391238094,
      0.7,
      0.4167011985943383,
      0.4396208821460297,
      0.0,
      0.0,
      0.0,
      0.0,
      0.0,
      0.0,
      0.0,
      0.0,
      0.0,
      0.0,
      0.0,
      0.0,
      0.0,
      0.0,
      0.0,
      0.0,
      0.0,
      0.0,
      0.0,
      0.0,
      0.0,
      0.0,
      0.0,
      0.0,
      0.0,
      0.0,
      0.0,
      0.0,
      0.0,
      0.0,
      0.0
    ],
    [
      0.33916290624243556,
      1.0,
      0.4790933655506103,
      0.40537207279972043,
      0.47318957660764027,
      0.47170213021035917,
      0.4697836011336143,
      0.44890911313883164,
      0.413301050535808,
      0.37047370578569117,
      0.5319084647600159,
      0.42629569713247545,
      0.5608462079801533,
      0.46368980172343044,
      0.43712153312276114,
      0.44897127453505437,
      0.6,
      0.0,
      0.0,
      0.0,
      0.0,
      0.0,
      0.0,
      0.0,
      0.0,
      0.0,
      0.0,
      0.0,
      0.0,
      0.0,
      0.0,
      0.0,
      0.0,
      0.0,
      0.0,
      0.0,
      0.0,
      0.0,
      0.0,
      0.0,
      0.0,
      0.0,
      0.0,
      0.0,
      0.0,
      0.0,
      0.0
    ],
    [
      0.38458052886890093,
      0.4790933655506103,
      1.0,
      0.5259637666690855,
      0.42104927918013396,
      0.4500425914259104,
      0.48376079136599304,
      0.4212667630512509,
      0.5045707758289512,
      0.45675973263501984,
      0.36954227171312837,
      0.39026280815407294,
      0.5307558566052238,
      0.5544076100273311,
      0.48551597185483153,
      0.65,
      0.0,
      0.0,
      0.0,
      0.0,
      0.0,
      0.0,
      0.0,
      0.0,
      0.0,
      0.0,
      0.0,
      0.0,
      0.0,
      0.0,
      0.0,
      0.0,
      0.0,
      0.0,
      0.0,
      0.0,
      0.0,
      0.0,
      0.0,
      0.0,
      0.0,
      0.0,
      0.0,
      0.0,
      0.0,
      0.0,
      0.0
    ],
    [
      0.5204525492965519,
      0.40537207279972043,
      0.5259637666690855,
      1.0,
      0.4476577548614682,
      0.423220003767842,
      0.4012101043960098,
      0.35919936421885273,
      0.4335292184591639,
      0.4174659379573986,
      0.4499746015779027,
      0.5477069501147406,
      0.4848115622654111,
      0.40955978388436765,
      0.5383024777360859,
      0.4472014474237976,
      0.0,
      0.0,
      0.0,
      0.0,
      0.0,
      0.0,
      0.0,
      0.0,
      0.0,
      0.0,
      0.0,
      0.0,
      0.0,
      0.0,
      0.0,
      0.0,
      0.0,
      0.0,
      0.0,
      0.0,
      0.0,
      0.0,
      0.0,
      0.0,
      0.0,
      0.0,
      0.0,
      0.0,
      0.6,
      0.0,
      0.0
    ],
    [
      0.50202835543278,
      0.47318957660764027,
      0.42104927918013396,
      0.4476577548614682,
      1.0,
      0.5232127838744409,
      0.517118904509292,
      0.4783548997000606,
      0.41539856685480064,
      0.5581236984187843,
      0.5125344999376515,
      0.5015665127318862,
      0.3947031833211274,
      0.42634242653653387,
      0.3550167442346095,
      0.4673021872896046,
      0.0,
      0.0,
      0.0,
      0.0,
      0.0,
      0.0,
      0.0,
      0.0,
      0.0,
      0.0,
      0.0,
      0.0,
      0.0,
      0.0,
      0.0,
      0.0,
      0.65,
      0.0,
      0.0,
      0.0,
      0.0,
      0.0,
      0.0,
      0.0,
      0.0,
      0.0,
      0.0,
      0.0,
      0.0,
      0.0,
      0.0
    ],
    [
      0.5862132998732419,
      0.47170213021035917,
      0.4500425914259104,
      0.423220003767842,
      0.5232127838744409,
      1.0,
      0.5149995167331927,
      0.4583241155224632,
      0.4043897942440261,
      0.541500303392161,
      0.44282606594618196,
      0.455666166966313,
      0.4194998271046705,
      0.4529184614111431,
      0.4698064185953657,
      0.46705557521169294,
      0.0,
      0.0,
      0.0,
      0.0,
      0.0,
      0.0,
      0.0,
      0.7,
      0.0,
      0.0,
      0.0,
      0.0,
      0.0,
      0.0,
      0.0,
      0.0,
      0.0,
      0.0,
      0.0,
      0.0,
      0.0,
      0.0,
      0.0,
      0.0,
      0.0,
      0.0,
      0.0,
      0.0,
      0.0,
      0.0,
      0.0
    ],
    [
      0.4494731588790284,
      0.4697836011336143,
      0.48376079136599304,
      0.4012101043960098,
      0.517118904509292,
      0.5149995167331927,
      1.0,
      0.4489009599939849,
      0.49983000313912324,
      0.4437513627237786,
      0.37815370690289524,
      0.41989865314765984,
      0.43441555618678795,
      0.44912658394622346,
      0.43169716190236823,
      0.4681354172614876,
      0.0,
      0.0,
      0.0,
      0.0,
      0.0,
      0.0,
      0.0,
      0.0,
      0.0,
      0.0,
      0.0,
      0.0,
      0.0,
      0.0,
      0.0,
      0.0,
      0.0,
      0.0,
      0.0,
      0.0,
      0.0,
      0.0,
      0.0,
      0.0,
      0.0,
      0.0,
      0.0,
      0.0,
      0.0,
      0.0,
      0.0
    ],
    [
      0.5294448939749452,
      0.44890911313883164,
      0.4212667630512509,
      0.35919936421885273,
      0.4783548997000606,
      0.4583241155224632,
      0.4489009599939849,
      1.0,
      0.41330114596046535,
      0.4100618893869951,
      0.36990429784362877,
      0.5047224129456054,
      0.37458381107895683,
      0.46901779574810054,
      0.45923130984615157,
      0.3938960183031584,
      0.0,
      0.0,
      0.0,
      0.0,
      0.0,
      0.0,
      0.0,
      0.0,
      0.0,
      0.0,
      0.0,
      0.0,
      0.0,
      0.0,
      0.0,
      0.0,
      0.0,
      0.0,
      0.0,
      0.0,
      0.0,
      0.0,
      0.0,
      0.0,
      0.0,
      0.0,
      0.0,
      0.0,
      0.0,
      0.0,
      0.0
    ],
    [
      0.3976186656943271,
      0.413301050535808,
      0.5045707758289512,
      0.4335292184591639,
      0.41539856685480064,
      0.4043897942440261,
      0.49983000313912324,
      0.41330114596046535,
      1.0,
      0.47204052447176137,
      0.4196986307975592,
      0.45715256158170436,
      0.3999843338007715,
      0.45743111639457923,
      0.44528501152782296,
      0.41209631702162086,
      0.0,
      0.0,
      0.0,
      0.0,
      0.0,
      0.0,
      0.0,
      0.0,
      0.0,
      0.0,
      0.0,
      0.0,
      0.0,
      0.0,
      0.0,
      0.0,
      0.0,
      0.0,
      0.0,
      0.0,
      0.0,
      0.0,
      0.0,
      0.0,
      0.0,
      0.6,
      0.0,
      0.0,
      0.0,
      0.0,
      0.0
    ],
    [
      0.5483564258906497,
      0.37047370578569117,
      0.45675973263501984,
      0.4174659379573986,
      0.5581236984187843,
      0.541500303392161,
      0.4437513627237786,
      0.4100618893869951,
      0.47204052447176137,
      1.0,
      0.43733505524539373,
      0.4849577652157129,
      0.4197260707036527,
      0.4691517224336711,
      0.48319659969700635,
      0.32100518908218256,
      0.0,
      0.0,
      0.0,
      0.0,
      0.0,
      0.0,
      0.0,
      0.0,
      0.0,
      0.0,
      0.0,
      0.0,
      0.0,
      0.0,
      0.0,
      0.0,
      0.0,
      0.0,
      0.0,
      0.0,
      0.0,
      0.0,
      0.0,
      0.0,
      0.0,
      0.0,
      0.0,
      0.0,
      0.0,
      0.0,
      0.0
    ],
    [
      0.44144511348415505,
      0.5319084647600159,
      0.36954227171312837,
      0.4499746015779027,
      0.5125344999376515,
      0.44282606594618196,
      0.37815370690289524,
      0.36990429784362877,
      0.4196986307975592,
      0.43733505524539373,
      1.0,
      0.5289806728299138,
      0.47035864136218286,
      0.3306935141532405,
      0.5454798845578316,
      0.5146782289490639,
      0.0,
      0.0,
      0.0,
      0.0,
      0.0,
      0.0,
      0.0,
      0.0,
      0.0,
      0.0,
      0.0,
      0.0,
      0.0,
      0.0,
      0.0,
      0.0,
      0.0,
      0.0,
      0.0,
      0.0,
      0.0,
      0.0,
      0.0,
      0.0,
      0.0,
      0.0,
      0.0,
      0.0,
      0.0,
      0.0,
      0.0
    ],
    [
      0.5117214492716581,
      0.42629569713247545,
      0.39026280815407294,
      0.5477069501147406,
      0.5015665127318862,
      0.455666166966313,
      0.41989865314765984,
      0.5047224129456054,
      0.45715256158170436,
      0.4849577652157129,
      0.5289806728299138,
      1.0,
      0.4810554700732482,
      0.4263345856005318,
      0.4524045068825643,
      0.4166771161111186,
      0.0,
      0.0,
      0.0,
      0.0,
      0.0,
      0.0,
      0.0,
      0.0,
      0.0,
      0.0,
      0.0,
      0.0,
      0.0,
      0.75,
      0.0,
      0.0,
      0.0,
      0.0,
      0.0,
      0.0,
      0.0,
      0.0,
      0.0,
      0.0,
      0.0,
      0.0,
      0.0,
      0.0,
      0.0,
      0.0,
      0.0
    ],
    [
      0.44245514391238094,
      0.5608462079801533,
      0.5307558566052238,
      0.4848115622654111,
      0.3947031833211274,
      0.4194998271046705,
      0.43441555618678795,
      0.37458381107895683,
      0.3999843338007715,
      0.4197260707036527,
      0.47035864136218286,
      0.4810554700732482,
      1.0,
      0.36318154809865466,
      0.514507384527704,
      0.5272964925296064,
      0.0,
      0.0,
      0.0,
      0.0,
      0.0,
      0.0,
      0.0,
      0.0,
      0.0,
      0.0,
      0.0,
      0.0,
      0.0,
      0.0,
      0.0,
      0.0,
      0.0,
      0.0,
      0.0,
      0.0,
      0.0,
      0.0,
      0.55,
      0.0,
      0.0,
      0.0,
      0.0,
      0.0,
      0.0,
      0.0,
      0.0
    ],
    [
      0.7,
      0.46368980172343044,
      0.5544076100273311,
      0.40955978388436765,
      0.42634242653653387,
      0.4529184614111431,
      0.44912658394622346,
      0.46901779574810054,
      0.45743111639457923,
      0.4691517224336711,
      0.3306935141532405,
      0.4263345856005318,
      0.36318154809865466,
      1.0,
      0.45112976044111064,
      0.4222794816060851,
      0.0,
      0.0,
      0.0,
      0.0,
      0.0,
      0.0,
      0.0,
      0.0,
      0.0,
      0.0,
      0.0,
      0.0,
      0.0,
      0.0,
      0.0,
      0.0,
      0.0,
      0.0,
      0.0,
      0.0,
      0.0,
      0.0,
      0.0,
      0.0,
      0.0,
      0.0,
      0.0,
      0.0,
      0.0,
      0.0,
      0.0
    ],
    [
      0.4167011985943383,
      0.43712153312276114,
      0.48551597185483153,
      0.5383024777360859,
      0.3550167442346095,
      0.4698064185953657,
      0.43169716190236823,
      0.45923130984615157,
      0.44528501152782296,
      0.48319659969700635,
      0.5454798845578316,
      0.4524045068825643,
      0.514507384527704,
      0.45112976044111064,
      1.0,
      0.45120295702620117,
      0.0,
      0.0,
      0.65,
      0.0,
      0.0,
      0.0,
      0.0,
      0.0,
      0.0,
      0.0,
      0.0,
      0.0,
      0.0,
      0.0,
      0.0,
      0.0,
      0.0,
      0.0,
      0.0,
      0.0,
      0.0,
      0.0,
      0.0,
      0.0,
      0.0,
      0.0,
      0.0,
      0.0,
      0.0,
      0.0,
      0.0
    ],
    [
      0.4396208821460297,
      0.44897127453505437,
      0.65,
      0.4472014474237976,
      0.4673021872896046,
      0.46705557521169294,
      0.4681354172614876,
      0.3938960183031584,
      0.41209631702162086,
      0.32100518908218256,
      0.5146782289490639,
      0.4166771161111186,
      0.5272964925296064,
      0.4222794816060851,
      0.45120295702620117,
      1.0,
      0.0,
      0.0,
      0.0,
      0.0,
      0.0,
      0.0,
      0.0,
      0.0,
      0.0,
      0.0,
      0.0,
      0.0,
      0.0,
      0.0,
      0.0,
      0.0,
      0.0,
      0.0,
      0.0,
      0.0,
      0.0,
      0.0,
      0.0,
      0.0,
      0.0,
      0.0,
      0.0,
      0.7,
      0.0,
      0.0,
      0.0
    ],
    [
      0.0,
      0.6,
      0.0,
      0.0,
      0.0,
      0.0,
      0.0,
      0.0,
      0.0,
      0.0,
      0.0,
      0.0,
      0.0,
      0.0,
      0.0,
      0.0,
      1.0,
      0.39466601082563013,
      0.39752466928187175,
      0.49769617162422664,
      0.6023267030580707,
      0.44867131592935305,
      0.42196827455608765,
      0.5217173508676215,
      0.533514471480232,
      0.4515047362727754,
      0.5588163193870186,
      0.580396991582835,
      0.5436732282618386,
      0.5372639478280012,
      0.5660839302925116,
      0.4521399125045451,
      0.0,
      0.0,
      0.0,
      0.0,
      0.45,
      0.0,
      0.0,
      0.0,
      0.0,
      0.0,
      0.0,
      0.0,
      0.0,
      0.0,
      0.0
    ],
    [
      0.0,
      0.0,
      0.0,
      0.0,
      0.0,
      0.0,
      0.0,
      0.0,
      0.0,
      0.0,
      0.0,
      0.0,
      0.0,
      0.0,
      0.0,
      0.0,
      0.39466601082563013,
      1.0,
      0.5109821944462007,
      0.502387262886121,
      0.51606942230852,
      0.42964095569551186,
      0.4243728385730542,
      0.5592617053286859,
      0.592864246587776,
      0.4828740376756666,
      0.5462002392002752,
      0.3897175615850843,
      0.6006011454072394,
      0.4928371047377892,
      0.5010563389287972,
      0.5088109764300306,
      0.6,
      0.0,
      0.0,
      0.0,
      0.0,
      0.0,
      0.0,
      0.0,
      0.0,
      0.0,
      0.0,
      0.0,
      0.0,
      0.0,
      0.0
    ],
    [
      0.0,
      0.0,
      0.0,
      0.0,
      0.0,
      0.0,
      0.0,
      0.0,
      0.0,
      0.0,
      0.0,
      0.0,
      0.0,
      0.0,
      0.65,
      0.0,
      0.39752466928187175,
      0.5109821944462007,
      1.0,
      0.5769940110948639,
      0.5736792279266013,
      0.44260837875962383,
      0.4673344500886654,
      0.5230425327974887,
      0.44680044868808644,
      0.46559872514936057,
      0.5891137639053494,
      0.5027523826653744,
      0.5432545663664214,
      0.5119920613155328,
      0.411463248797181,
      0.5686179454088356,
      0.0,
      0.0,
      0.0,
      0.0,
      0.0,
      0.0,
      0.0,
      0.0,
      0.0,
      0.0,
      0.0,
      0.0,
      0.0,
      0.0,
      0.0
    ],
    [
      0.0,
      0.0,
      0.0,
      0.0,
      0.0,
      0.0,
      0.0,
      0.0,
      0.0,
      0.0,
      0.0,
      0.0,
      0.0,
      0.0,
      0.0,
      0.0,
      0.49769617162422664,
      0.502387262886121,
      0.5769940110948639,
      1.0,
      0.46009451769213633,
      0.5415588527815247,
      0.391767220330355,
      0.3580935877612115,
      0.5927764085888588,
      0.42413051634055005,
      0.6186392027323414,
      0.5061658074536167,
      0.5102509290606092,
      0.5611693810634366,
      0.4770247401023875,
      0.5568931955724465,
      0.0,
      0.0,
      0.0,
      0.7,
      0.0,
      0.0,
      0.0,
      0.0,
      0.0,
      0.0,
      0.0,
      0.0,
      0.0,
      0.0,
      0.0
    ],
    [
      0.0,
      0.0,
      0.0,
      0.0,
      0.0,
      0.0,
      0.0,
      0.0,
      0.0,
      0.0,
      0.0,
      0.0,
      0.0,
      0.0,
      0.0,
      0.0,
      0.6023267030580707,
      0.51606942230852,
      0.5736792279266013,
      0.46009451769213633,
      1.0,
      0.5712630451155458,
      0.46728821666300807,
      0.43053928769564154,
      0.4154052048936664,
      0.5797353457962342,
      0.5023439046977869,
      0.5812341799742768,
      0.4668717072976721,
      0.41743012772031196,
      0.520551591615555,
      0.39797675743740946,
      0.0,
      0.0,
      0.0,
      0.0,
      0.0,
      0.0,
      0.0,
      0.0,
      0.0,
      0.0,
      0.0,
      0.0,
      0.0,
      0.0,
      0.0
    ],
    [
      0.0,
      0.0,
      0.0,
      0.0,
      0.0,
      0.0,
      0.0,
      0.0,
      0.0,
      0.0,
      0.0,
      0.0,
      0.0,
      0.0,
      0.0,
      0.0,
      0.44867131592935305,
      0.42964095569551186,
      0.44260837875962383,
      0.5415588527815247,
      0.5712630451155458,
      1.0,
      0.4873426277977342,
      0.46142833830786034,
      0.47487856738116174,
      0.5219194527923503,
      0.41572493393552873,
      0.47441278205388593,
      0.3725069233266501,
      0.47584575075904545,
      0.3922000626207721,
      0.5665011792977768,
      0.0,
      0.0,
      0.0,
      0.0,
      0.0,
      0.0,
      0.0,
      0.0,
      0.0,
      0.0,
      0.0,
      0.0,
      0.0,
      0.0,
      0.0
    ],
    [
      0.0,
      0.0,
      0.0,
      0.0,
      0.0,
      0.0,
      0.0,
      0.0,
      0.0,
      0.0,
      0.0,
      0.0,
      0.0,
      0.0,
      0.0,
      0.0,
      0.42196827455608765,
      0.4243728385730542,
      0.4673344500886654,
      0.391767220330355,
      0.46728821666300807,
      0.4873426277977342,
      1.0,
      0.4294549070718785,
      0.4777013160795398,
      0.5164883231224527,
      0.5062451887985825,
      0.4867065032369393,
      0.5127172969677901,
      0.46440055744296727,
      0.4785016740362625,
      0.3671730004083107,
      0.0,
      0.0,
      0.0,
      0.0,
      0.0,
      0.0,
      0.0,
      0.0,
      0.0,
      0.0,
      0.0,
      0.0,
      0.0,
      0.0,
      0.0
    ],
    [
      0.0,
      0.0,
      0.0,
      0.0,
      0.0,
      0.7,
      0.0,
      0.0,
      0.0,
      0.0,
      0.0,
      0.0,
      0.0,
      0.0,
      0.0,
      0.0,
      0.5217173508676215,
      0.5592617053286859,
      0.5230425327974887,
      0.3580935877612115,
      0.43053928769564154,
      0.46142833830786034,
      0.4294549070718785,
      1.0,
      0.5414767474163203,
      0.5639514269671596,
      0.614910736055305,
      0.5150019754889584,
      0.4146831352445344,
      0.6316609599036647,
      0.532297768843202,
      0.6098972985703495,
      0.0,
      0.0,
      0.0,
      0.0,
      0.0,
      0.0,
      0.0,
      0.0,
      0.0,
      0.0,
      0.0,
      0.0,
      0.0,
      0.0,
      0.0
    ],
    [
      0.0,
      0.0,
      0.0,
      0.0,
      0.0,
      0.0,
      0.0,
      0.0,
      0.0,
      0.0,
      0.0,
      0.0,
      0.0,
      0.0,
      0.0,
      0.0,
      0.533514471480232,
      0.592864246587776,
      0.44680044868808644,
      0.5927764085888588,
      0.4154052048936664,
      0.47487856738116174,
      0.4777013160795398,
      0.5414767474163203,
      1.0,
      0.4761084191546795,
      0.42383122442194154,
      0.4281053631661498,
      0.5538568527473002,
      0.5230124363856696,
      0.5074935878212774,
      0.4844252149872632,
      0.0,
      0.0,
      0.0,
      0.0,
      0.0,
      0.0,
      0.0,
      0.0,
      0.0,
      0.0,
      0.0,
      0.0,
      0.0,
      0.0,
      0.0
    ],
    [
      0.0,
      0.0,
      0.0,
      0.0,
      0.0,
      0.0,
      0.0,
      0.0,
      0.0,
      0.0,
      0.0,
      0.0,
      0.0,
      0.0,
      0.0,
      0.0,
      0.4515047362727754,
      0.4828740376756666,
      0.46559872514936057,
      0.42413051634055005,
      0.5797353457962342,
      0.5219194527923503,
      0.5164883231224527,
      0.5639514269671596,
      0.4761084191546795,
      1.0,
      0.500999999128023,
      0.5525802202133856,
      0.5977766767523669,
      0.5766336918932764,
      0.5359994917275028,
      0.5100818578155583,
      0.0,
      0.0,
      0.0,
      0.0,
      0.0,
      0.0,
      0.0,
      0.0,
      0.0,
      0.0,
      0.0,
      0.0,
      0.0,
      0.0,
      0.0
    ],
    [
      0.0,
      0.0,
      0.0,
      0.0,
      0.0,
      0.0,
      0.0,
      0.0,
      0.0,
      0.0,
      0.0,
      0.0,
      0.0,
      0.0,
      0.0,
      0.0,
      0.5588163193870186,
      0.5462002392002752,
      0.5891137639053494,
      0.6186392027323414,
      0.5023439046977869,
      0.41572493393552873,
      0.5062451887985825,
      0.614910736055305,
      0.42383122442194154,
      0.500999999128023,
      1.0,
      0.5291572365254072,
      0.5025250712141518,
      0.4483710845316772,
      0.47164157174131655,
      0.48597958844556116,
      0.0,
      0.0,
      0.5,
      0.0,
      0.0,
      0.0,
      0.0,
      0.0,
      0.0,
      0.0,
      0.0,
      0.0,
      0.0,
      0.0,
      0.0
    ],
    [
      0.0,
      0.0,
      0.0,
      0.0,
      0.0,
      0.0,
      0.0,
      0.0,
      0.0,
      0.0,
      0.0,
      0.0,
      0.0,
      0.0,
      0.0,
      0.0,
      0.580396991582835,
      0.3897175615850843,
      0.5027523826653744,
      0.5061658074536167,
      0.5812341799742768,
      0.47441278205388593,
      0.4867065032369393,
      0.5150019754889584,
      0.4281053631661498,
      0.5525802202133856,
      0.5291572365254072,
      1.0,
      0.41059123782459384,
      0.44159270110437465,
      0.42653847249170596,
      0.5933569141554365,
      0.0,
      0.75,
      0.0,
      0.0,
      0.0,
      0.0,
      0.0,
      0.0,
      0.0,
      0.0,
      0.0,
      0.0,
      0.0,
      0.0,
      0.0
    ],
    [
      0.0,
      0.0,
      0.0,
      0.0,
      0.0,
      0.0,
      0.0,
      0.0,
      0.0,
      0.0,
      0.0,
      0.0,
      0.0,
      0.0,
      0.0,
      0.0,
      0.5436732282618386,
      0.6006011454072394,
      0.5432545663664214,
      0.5102509290606092,
      0.4668717072976721,
      0.3725069233266501,
      0.5127172969677901,
      0.4146831352445344,
      0.5538568527473002,
      0.5977766767523669,
      0.5025250712141518,
      0.41059123782459384,
      1.0,
      0.47027864762232163,
      0.5415041429739268,
      0.5088224350025199,
      0.0,
      0.0,
      0.0,
      0.0,
      0.0,
      0.0,
      0.0,
      0.0,
      0.0,
      0.0,
      0.0,
      0.0,
      0.0,
      0.0,
      0.0
    ],
    [
      0.0,
      0.0,
      0.0,
      0.0,
      0.0,
      0.0,
      0.0,
      0.0,
      0.0,
      0.0,
      0.0,
      0.75,
      0.0,
      0.0,
      0.0,
      0.0,
      0.5372639478280012,
      0.4928371047377892,
      0.5119920613155328,
      0.5611693810634366,
      0.41743012772031196,
      0.47584575075904545,
      0.46440055744296727,
      0.6316609599036647,
      0.5230124363856696,
      0.5766336918932764,
      0.4483710845316772,
      0.44159270110437465,
      0.47027864762232163,
      1.0,
      0.39610468124988807,
      0.4671995904847567,
      0.0,
      0.0,
      0.0,
      0.0,
      0.0,
      0.0,
      0.0,
      0.0,
      0.0,
      0.0,
      0.0,
      0.0,
      0.0,
      0.0,
      0.0
    ],
    [
      0.0,
      0.0,
      0.0,
      0.0,
      0.0,
      0.0,
      0.0,
      0.0,
      0.0,
      0.0,
      0.0,
      0.0,
      0.0,
      0.0,
      0.0,
      0.0,
      0.5660839302925116,
      0.5010563389287972,
      0.411463248797181,
      0.4770247401023875,
      0.520551591615555,
      0.3922000626207721,
      0.4785016740362625,
      0.532297768843202,
      0.5074935878212774,
      0.5359994917275028,
      0.47164157174131655,
      0.42653847249170596,
      0.5415041429739268,
      0.39610468124988807,
      1.0,
      0.44984925392494707,
      0.0,
      0.0,
      0.0,
      0.0,
      0.0,
      0.0,
      0.0,
      0.0,
      0.0,
      0.0,
      0.0,
      0.0,
      0.0,
      0.0,
      0.0
    ],
    [
      0.0,
      0.0,
      0.0,
      0.0,
      0.0,
      0.0,
      0.0,
      0.0,
      0.0,
      0.0,
      0.0,
      0.0,
      0.0,
      0.0,
      0.0,
      0.0,
      0.4521399125045451,
      0.5088109764300306,
      0.5686179454088356,
      0.5568931955724465,
      0.39797675743740946,
      0.5665011792977768,
      0.3671730004083107,
      0.6098972985703495,
      0.4844252149872632,
      0.5100818578155583,
      0.48597958844556116,
      0.5933569141554365,
      0.5088224350025199,
      0.4671995904847567,
      0.44984925392494707,
      1.0,
      0.0,
      0.0,
      0.0,
      0.0,
      0.0,
      0.0,
      0.0,
      0.0,
      0.0,
      0.0,
      0.0,
      0.0,
      0.0,
      0.0,
      0.0
    ],
    [
      0.0,
      0.0,
      0.0,
      0.0,
      0.65,
      0.0,
      0.0,
      0.0,
      0.0,
      0.0,
      0.0,
      0.0,
      0.0,
      0.0,
      0.0,
      0.0,
      0.0,
      0.6,
      0.0,
      0.0,
      0.0,
      0.0,
      0.0,
      0.0,
      0.0,
      0.0,
      0.0,
      0.0,
      0.0,
      0.0,
      0.0,
      0.0,
      1.0,
      0.603977381531231,
      0.4071201197137494,
      0.6434320846472841,
      0.5838058324153448,
      0.6022336227132998,
      0.5868463180065244,
      0.5063386403858852,
      0.5693204783425571,
      0.6191141117222271,
      0.5294176734285176,
      0.510081843848255,
      0.5904291370571837,
      0.6636958982649037,
      0.6512733949407963
    ],
    [
      0.0,
      0.0,
      0.0,
      0.0,
      0.0,
      0.0,
      0.0,
      0.0,
      0.0,
      0.0,
      0.0,
      0.0,
      0.0,
      0.0,
      0.0,
      0.0,
      0.0,
      0.0,
      0.0,
      0.0,
      0.0,
      0.0,
      0.0,
      0.0,
      0.0,
      0.0,
      0.0,
      0.75,
      0.0,
      0.0,
      0.0,
      0.0,
      0.603977381531231,
      1.0,
      0.5425252164652614,
      0.5612913844619991,
      0.4099364150591942,
      0.5644068891486743,
      0.5681808445249374,
      0.5194920984876178,
      0.492593361360269,
      0.5415854389286767,
      0.5719257208536042,
      0.47181237270679577,
      0.4965806613765124,
      0.5483823484652484,
      0.6052707239905661
    ],
    [
      0.0,
      0.0,
      0.0,
      0.0,
      0.0,
      0.0,
      0.0,
      0.0,
      0.0,
      0.0,
      0.0,
      0.0,
      0.0,
      0.0,
      0.0,
      0.0,
      0.0,
      0.0,
      0.0,
      0.0,
      0.0,
      0.0,
      0.0,
      0.0,
      0.0,
      0.0,
      0.5,
      0.0,
      0.0,
      0.0,
      0.0,
      0.0,
      0.4071201197137494,
      0.5425252164652614,
      1.0,
      0.5494479461405785,
      0.4809910449755125,
      0.5053368693801389,
      0.5381539047485491,
      0.6380799489001892,
      0.5943308750505434,
      0.4354644862509283,
      0.5046601901528076,
      0.5480682430746309,
      0.5478246840116046,
      0.5263396732447488,
      0.552127556546461
    ],
    [
      0.0,
      0.0,
      0.0,
      0.0,
      0.0,
      0.0,
      0.0,
      0.0,
      0.0,
      0.0,
      0.0,
      0.0,
      0.0,
      0.0,
      0.0,
      0.0,
      0.0,
      0.0,
      0.0,
      0.7,
      0.0,
      0.0,
      0.0,
      0.0,
      0.0,
      0.0,
      0.0,
      0.0,
      0.0,
      0.0,
      0.0,
      0.0,
      0.6434320846472841,
      0.5612913844619991,
      0.5494479461405785,
      1.0,
      0.6022556249164395,
      0.5885272757737234,
      0.4846520198676565,
      0.5997072376934462,
      0.5311004573010631,
      0.5979356596016581,
      0.45172789122649254,
      0.6310894847781992,
      0.5203431682677451,
      0.5560495876691967,
      0.5654146995313885
    ],
    [
      0.0,
      0.0,
      0.0,
      0.0,
      0.0,
      0.0,
      0.0,
      0.0,
      0.0,
      0.0,
      0.0,
      0.0,
      0.0,
      0.0,
      0.0,
      0.0,
      0.45,
      0.0,
      0.0,
      0.0,
      0.0,
      0.0,
      0.0,
      0.0,
      0.0,
      0.0,
      0.0,
      0.0,
      0.0,
      0.0,
      0.0,
      0.0,
      0.5838058324153448,
      0.4099364150591942,
      0.4809910449755125,
      0.6022556249164395,
      1.0,
      0.49909955648199233,
      0.6847703624326026,
      0.560772194425202,
      0.5792501402257688,
      0.5799427539431411,
      0.4581260365072546,
      0.47048985203934246,
      0.528576105398336,
      0.5147918867185026,
      0.5792349572074023
    ],
    [
      0.0,
      0.0,
      0.0,
      0.0,
      0.0,
      0.0,
      0.0,
      0.0,
      0.0,
      0.0,
      0.0,
      0.0,
      0.0,
      0.0,
      0.0,
      0.0,
      0.0,
      0.0,
      0.0,
      0.0,
      0.0,
      0.0,
      0.0,
      0.0,
      0.0,
      0.0,
      0.0,
      0.0,
      0.0,
      0.0,
      0.0,
      0.0,
      0.6022336227132998,
      0.5644068891486743,
      0.5053368693801389,
      0.5885272757737234,
      0.49909955648199233,
      1.0,
      0.43807749162403614,
      0.6160705445668877,
      0.5615565742848201,
      0.472722550763076,
      0.4955496448804167,
      0.48852106963692254,
      0.5928146635372828,
      0.5481734754388737,
      0.5010699319302112
    ],
    [
      0.0,
      0.0,
      0.0,
      0.0,
      0.0,
      0.0,
      0.0,
      0.0,
      0.0,
      0.0,
      0.0,
      0.0,
      0.55,
      0.0,
      0.0,
      0.0,
      0.0,
      0.0,
      0.0,
      0.0,
      0.0,
      0.0,
      0.0,
      0.0,
      0.0,
      0.0,
      0.0,
      0.0,
      0.0,
      0.0,
      0.0,
      0.0,
      0.5868463180065244,
      0.5681808445249374,
      0.5381539047485491,
      0.4846520198676565,
      0.6847703624326026,
      0.43807749162403614,
      1.0,
      0.5288276455147767,
      0.6418876314574467,
      0.460588005961144,
      0.6153296037539049,
      0.5764530350851718,
      0.6577832218595323,
      0.5293839530774662,
      0.5056492519059321
    ],
    [
      0.0,
      0.0,
      0.0,
      0.0,
      0.0,
      0.0,
      0.0,
      0.0,
      0.0,
      0.0,
      0.0,
      0.0,
      0.0,
      0.0,
      0.0,
      0.0,
      0.0,
      0.0,
      0.0,
      0.0,
      0.0,
      0.0,
      0.0,
      0.0,
      0.0,
      0.0,
      0.0,
      0.0,
      0.0,
      0.0,
      0.0,
      0.0,
      0.5063386403858852,
      0.5194920984876178,
      0.6380799489001892,
      0.5997072376934462,
      0.560772194425202,
      0.6160705445668877,
      0.5288276455147767,
      1.0,
      0.4770723197923751,
      0.5916828216808638,
      0.580823480985049,
      0.5526994211466153,
      0.5054449533558949,
      0.5491630820203881,
      0.5708237389243216
    ],
    [
      0.0,
      0.0,
      0.0,
      0.0,
      0.0,
      0.0,
      0.0,
      0.0,
      0.0,
      0.0,
      0.0,
      0.0,
      0.0,
      0.0,
      0.0,
      0.0,
      0.0,
      0.0,
      0.0,
      0.0,
      0.0,
      0.0,
      0.0,
      0.0,
      0.0,
      0.0,
      0.0,
      0.0,
      0.0,
      0.0,
      0.0,
      0.0,
      0.5693204783425571,
      0.492593361360269,
      0.5943308750505434,
      0.5311004573010631,
      0.5792501402257688,
      0.5615565742848201,
      0.6418876314574467,
      0.4770723197923751,
      1.0,
      0.5444550738611584,
      0.5079182184994002,
      0.6369544623099149,
      0.5291512437764929,
      0.5300012494481542,
      0.5256321060982967
    ],
    [
      0.0,
      0.0,
      0.0,
      0.0,
      0.0,
      0.0,
      0.0,
      0.0,
      0.6,
      0.0,
      0.0,
      0.0,
      0.0,
      0.0,
      0.0,
      0.0,
      0.0,
      0.0,
      0.0,
      0.0,
      0.0,
      0.0,
      0.0,
      0.0,
      0.0,
      0.0,
      0.0,
      0.0,
      0.0,
      0.0,
      0.0,
      0.0,
      0.6191141117222271,
      0.5415854389286767,
      0.4354644862509283,
      0.5979356596016581,
      0.5799427539431411,
      0.472722550763076,
      0.460588005961144,
      0.5916828216808638,
      0.5444550738611584,
      1.0,
      0.6043150761313707,
      0.4493966864500455,
      0.43496413927194455,
      0.5621806629246398,
      0.5661875950727988
    ],
    [
      0.0,
      0.0,
      0.0,
      0.0,
      0.0,
      0.0,
      0.0,
      0.0,
      0.0,
      0.0,
      0.0,
      0.0,
      0.0,
      0.0,
      0.0,
      0.0,
      0.0,
      0.0,
      0.0,
      0.0,
      0.0,
      0.0,
      0.0,
      0.0,
      0.0,
      0.0,
      0.0,
      0.0,
      0.0,
      0.0,
      0.0,
      0.0,
      0.5294176734285176,
      0.5719257208536042,
      0.5046601901528076,
      0.45172789122649254,
      0.4581260365072546,
      0.4955496448804167,
      0.6153296037539049,
      0.580823480985049,
      0.5079182184994002,
      0.6043150761313707,
      1.0,
      0.5118876252030804,
      0.4214440513223646,
      0.5610451476422189,
      0.5034170444402228
    ],
    [
      0.0,
      0.0,
      0.0,
      0.0,
      0.0,
      0.0,
      0.0,
      0.0,
      0.0,
      0.0,
      0.0,
      0.0,
      0.0,
      0.0,
      0.0,
      0.7,
      0.0,
      0.0,
      0.0,
      0.0,
      0.0,
      0.0,
      0.0,
      0.0,
      0.0,
      0.0,
      0.0,
      0.0,
      0.0,
      0.0,
      0.0,
      0.0,
      0.510081843848255,
      0.47181237270679577,
      0.5480682430746309,
      0.6310894847781992,
      0.47048985203934246,
      0.48852106963692254,
      0.5764530350851718,
      0.5526994211466153,
      0.6369544623099149,
      0.4493966864500455,
      0.5118876252030804,
      1.0,
      0.5136490975467092,
      0.5760775123456835,
      0.616475460466183
    ],
    [
      0.0,
      0.0,
      0.0,
      0.6,
      0.0,
      0.0,
      0.0,
      0.0,
      0.0,
      0.0,
      0.0,
      0.0,
      0.0,
      0.0,
      0.0,
      0.0,
      0.0,
      0.0,
      0.0,
      0.0,
      0.0,
      0.0,
      0.0,
      0.0,
      0.0,
      0.0,
      0.0,
      0.0,
      0.0,
      0.0,
      0.0,
      0.0,
      0.5904291370571837,
      0.4965806613765124,
      0.5478246840116046,
      0.5203431682677451,
      0.528576105398336,
      0.5928146635372828,
      0.6577832218595323,
      0.5054449533558949,
      0.5291512437764929,
      0.43496413927194455,
      0.4214440513223646,
      0.5136490975467092,
      1.0,
      0.509656248469992,
      0.6232030688474559
    ],
    [
      0.0,
      0.0,
      0.0,
      0.0,
      0.0,
      0.0,
      0.0,
      0.0,
      0.0,
      0.0,
      0.0,
      0.0,
      0.0,
      0.0,
      0.0,
      0.0,
      0.0,
      0.0,
      0.0,
      0.0,
      0.0,
      0.0,
      0.0,
      0.0,
      0.0,
      0.0,
      0.0,
      0.0,
      0.0,
      0.0,
      0.0,
      0.0,
      0.6636958982649037,
      0.5483823484652484,
      0.5263396732447488,
      0.5560495876691967,
      0.5147918867185026,
      0.5481734754388737,
      0.5293839530774662,
      0.5491630820203881,
      0.5300012494481542,
      0.5621806629246398,
      0.5610451476422189,
      0.5760775123456835,
      0.509656248469992,
      1.0,
      0.5065664483826562
    ],
    [
      0.0,
      0.0,
      0.0,
      0.0,
      0.0,
      0.0,
      0.0,
      0.0,
      0.0,
      0.0,
      0.0,
      0.0,
      0.0,
      0.0,
      0.0,
      0.0,
      0.0,
      0.0,
      0.0,
      0.0,
      0.0,
      0.0,
      0.0,
      0.0,
      0.0,
      0.0,
      0.0,
      0.0,
      0.0,
      0.0,
      0.0,
      0.0,
      0.6512733949407963,
      0.6052707239905661,
      0.552127556546461,
      0.5654146995313885,
      0.5792349572074023,
      0.5010699319302112,
      0.5056492519059321,
      0.5708237389243216,
      0.5256321060982967,
      0.5661875950727988,
      0.5034170444402228,
      0.616475460466183,
      0.6232030688474559,
      0.5065664483826562,
      1.0
    ]
  ],
  "categories": {
    "cognitive": [
      "logical_reasoning",
      "pattern_recognition",
      "analytical_depth",
      "knowledge_integration",
      "contextual_understanding",
      "abstraction_capability",
      "temporal_reasoning",
      "spatial_reasoning",
      "causal_inference",
      "memory_utilization",
      "attention_focus",
      "cognitive_flexibility",
      "metacognition",
      "problem_decomposition",
      "hypothesis_generation",
      "evidence_evaluation"
    ],
    "creative": [
      "creative_synthesis",
      "artistic_expression",
      "innovation_index",
      "narrative_construction",
      "metaphorical_thinking",
      "imaginative_depth",
      "stylistic_versatility",
      "conceptual_blending",
      "divergent_thinking",
      "aesthetic_sensitivity",
      "humor_generation",
      "emotional_resonance",
      "originality_score",
      "creative_flexibility",
      "symbolic_representation",
      "creative_coherence"
    ],
    "social": [
